1 1 1 185
00000000000000000002333333333333333333333333333333333333333333332000588558484558850375630000044444333333334444400000001111111111111110233333333333333333333333333333333333333333333200000000000000000000
00000000000000000002333211221122113330500505505050500050550505032007005860066785006370030044432233444444443322340001111221111111122110233050055005005505550784860050050050555055333200000000000000000000
00000000000000000002333221122112211337057066770757068757500404032007200060845700006084800743320023333333333200246071112002111111200216233706067075606708480748460756756706848750333200000000000000000000
00000000000000000002333221122112211337567858875757857750560505032002825800000085580004000000002200000000000022000000000220000000022000233785088075408800400088800700706785040056333200000000000000000000
00000000000000000002333444444444443334444444444444444444444444432000000000000000000000000000000000000000000000000000000000000000000000233444444444444444444444444444444444444444433200000000000000000000
00000000000000000002333411111111143334000000000222000005550000432000000000000000000000000000000000000000000000000000000000000000000000233400000000000004000004000004446000000000433200000000000000000000
00000000000000000002333410000000143334000000202226050006640000432000000000000000000000000000000000000000000000000000000000000000000000233400000004888004884848848884110000700500433200000000000000000000
00000000000000000002333410000000143334000000022246706004840000432000000000000000000000000000000000000000000000000000000000000000000000233407560074550004070666757664000000067000433200000000000000000000
00000000000000000002333410000000143334000000000440545655455000432000000000000000000000000000000000000000000000000000000000000000000000233406470040000004075640757764000005444450433200000000000000000000
00000000000000000002333410000000143334444444444444444444444444432000000000000000000000000000000000000000000000000000000000000000000000233407560788000004888884888884000740412404433200000000000000000000
00000000000000000002333411111119643333133333133333333355055505032000000000000000000000000000000000000000000000000000000000000000000000233433333300000004000964790004000666421477433200000000000000000000
00000000000000000002333410000000143333113131110550055022222222232000000000000000000000000000000000000000000000000000000000000000000000233432233300000004000004000004000000444400433200000000000000000000
00000000000000000002333410000000143332222222220660707022222222232000000000000000000000000000000000000000000000000000000000000000000000233433323300000004000004000004000000200200433200000000000000000000
00000000000000000002333410000000143332222222221111111122222222232000000000000000000000000000000000000000000000000000000000000000000000233433323375225604000004000004050000200200433200000000000000000000
00000000000000000002333410000000143332222222221111111122222222232000000000000000000000000000000000000000000000000000000000000000000000233433322305675004000004000004716003300330433200000000000000000000
00000000000000000002333411111111143332222222221111111122222222232000000000000000000000000000000000000000000000000000000000000000000000233444444444444444444444444444444444444444433200000000000000000000
00000000000000000001111111111111111111111111111111111111111111111000000000000000000000000000000000000000000000000000000000000000000000222222222222222222222222222222222222222222222200000000000000000000
00000000000000000000000000000000000000000000000000000000000000000000000000000000000000000000000000000000000000000000000000000000000000000000000000000000000000000000000000000000000000000000000000000000
00000000000000000000000000000000000000000000000000000000000000000000000000000000000000000000000000000000000000000000000000000000000000000000000000000000000000000000000000000000000000000000000000000000
00000000000000000000000000000000000000000000000000000000000000000000000000000000000000000000000000000000000000000000000000000000000000000000000000000000000000000000000000000000000000000000000000000000
00000000000000000000000000000000000000000000000000000000000000000000000000000000000000000000000000000000000000000000000000000000000000000000000000000000000000000000000000000000000000000000000000000000
00000000000000000000000000000000000000000000000000000000000000000000000000000000000000000000000000000000000000000000000000000000000000000000000000000000000000000000000000000000000000000000000000000000
00000000000000000000000000000000000000000000000000000000000000000000000000000000000000000000000000000000000000000000000000000000000000000000000000000000000000000000000000000000000000000000000000000000
00000000000000000000000000000000000000000000000000000000000000000000000000000000000000000000000000000000000000000000000000000000000000000000000000000000000000000000000000000000000000000000000000000000
00000000000000000000000000000000000000000000000000000000000000000000000000000000000000000000000000000000000000000000000000000000000000000000000000000000000000000000000000000000000000000000000000000000
00000000000000000000000000000000000000000000000000000000000000000000000000000000000000000000000000000000000000000000000000000000000000000000000000000000000000000000000000000000000000000000000000000000
00000000000000000000000000000000000000000000000000000000000000000000000000000000000000000000000000000000000000000000000000000000000000000000000000000000000000000000000000000000000000000000000000000000
00000000000000000000000000000000000000000000000000000000000000000000000000000000000000000000000000000000000000000000000000000000000000000000000000000000000000000000000000000000000000000000000000000000
00000000000000000000000000000000000000000000000000000000000000000000000000000000000000000000000000000000000000000000000000000000000000000000000000000000000000000000000000000000000000000000000000000000
00000000000000000000000000000000000000000000000000000000000000000000000000000000000000000000000000000000000000000000000000000000000000000000000000000000000000000000000000000000000000000000000000000000
00000000000000000000000000000000000000000000000000000000000000000000000000000000000000000000000000000000000000000000000000000000000000000000000000000000000000000000000000000000000000000000000000000000
00000000000000000000000000000000000000000000000000000000000000000000000000000000000000000000000000000000000000000000000000000000000000000000000000000000000000000000000000000000000000000000000000000000
00000000000000000000000000000000000000000000000000000000000000000000000000000000000000000000000000000000000000000000000000000000000000000000000000000000000000000000000000000000000000000000000000000000
00000000000000000000000000000000000000000000000000000000000000000000000000000000000000000000000000000000000000000000000000000000000000000000000000000000000000000000000000000000000000000000000000000000
00000000000000000000000000000000000000000000000000000000000000000000000000000000000000000000000000000000000000000000000000000000000000000000000000000000000000000000000000000000000000000000000000000000
00000000000000000000000000000000000000000000000000000000000000000000000000000000000000000000000000000000000000000000000000000000000000000000000000000000000000000000000000000000000000000000000000000000
00000000000000000000000000000000000000000000000000000000000000000000000000000000000000000000000000000000000000000000000000000000000000000000000000000000000000000000000000000000000000000000000000000000
00000000000000000000000000000000000000000000000000000000000000000000000000000000000000000000000000000000000000000000000000000000000000000000000000000000000000000000000000000000000000000000000000000000
00000000000000000000000000000000000000000000000000000000000000000000000000000000000000000000000000000000000000000000000000000000000000000000000000000000000000000000000000000000000000000000000000000000
00000000000000000000000000000000000000000000000000000000000000000000000000000000000000000000000000000000000000000000000000000000000000000000000000000000000000000000000000000000000000000000000000000000
00000000000000000000000000000000000000000000000000000000000000000000000000000000000000000000000000000000000000000000000000000000000000000000000000000000000000000000000000000000000000000000000000000000
00000000000000000000000000000000000000000000000000000000000000000000000000000000000000000000000000000000000000000000000000000000000000000000000000000000000000000000000000000000000000000000000000000000
00000000000000000000000000000000000000000000000000000000000000000000000000000000000000000000000000000000000000000000000000000000000000000000000000000000000000000000000000000000000000000000000000000000
00000000000000000000000000000000000000044444433300000000000000000000000000000000000000000000000000000000000000000000000000000000000000000000000000000000000000000000000000000000000000000000000000000000
00000000000000000004004004004004004004444444444334004004004004004000000000000000000000000000000000000000000000000000000000000000000004004004004004004004004004004004004004004004004000000000000000000000
00000000000000000074674674674674674643434333443433374674674674674600000000000000000000000000000000000000000000000000000000000000000074674674674674674674674674674674674674674674674600000000000000000000
00000000000000000004003003003003003043443434434443303003003003004000000000000000000000000000000000000000000000000000000000000000000004003003003013003003003003003011003003003003004000000000000000000000
00000000000000000074333333333333333344344444443443333333333333334600000000000000000000000000000000000000000000000000000000000000000074333333333131433333333333333333433333333333334600000000000000000000
00000000000000000004003003003003003043433443443443303003003003004000000000000000000000000000000000000000000000000000000000000000000004003003003001433333333333333333403003003003004000000000000000000000
00000000000000000074600000000000000044343443344433300000000000074600000000000000000000000000000000000000000000000000000000000000000074600000000000142222222222222222240000000000074600000000000000000000
00000000000000000004000000000300770043444334443433000000000000004000000000000000000000000000000000000000000000000000000000000000000004001222112000114333333333333333334000000000004000000000000000000000
00000000000000000074602400003130060044333443343433000500000770074600000000000000000000000048884884884848488400000000000000000000000074602122221001001000000000000000001000000000074600000000000000000000
00000000000000000004020340000300060004444444444330007160000060004000000000000000000000000400075675670675600040000000000000000000000004001212122000001000030300000000001000000000004000000000000000000000
00000000000000000074600334400000000050001212100000000800400060074600000000000000000000004000070070678578500004000000000000000000000074602221221003000000070603000000000000300000374600000000000000000000
00000000000000000004000333300004000726001212100000000004240000004004004004004004004004004888888888888888888884004004004004004004004004002122212007000333306670003333330007000007004000000000000000000000
00000000000000000074602433300043400080001212100000020000400000074674674674674674674674674000000000000000000004674674674674674674674674602221222000633333333663333333333306000306074600000000000000000000
00000000000000000004020243300004000000001212100000242000000000003003003003003003003003003000000000000000000003003003003003003003003003002122122000333333333333333333333333000066004000000000000000000000
00000000000000000074600024400000001000001212100000020000000500003333333333333333333333333000000000000000000003333333333333333333333333001212221003332332933333333339133133333070074600000000000000000000
00000000000000000004000020200050012100021212210000000000007260003003003003003003003003003000000000000000000003003003003003003003003003001222212033333222333311133333111333333333004000000000000000000000
00000000000000000074600200200716001000212211221000000000000800000000000000000000000000000000000000000000000000000000000000000000000000002121221033333333333331113333333333333333074600000000000000000000
00000000000000000002222222222222222222222222222222222222222222222222222222222222222222222222222222222222222222222222222222222222222222222222222222222222222222222222222222222222222200000000000000000000
