1 1 1 185
00000000000000000002333333333333333333333333333333333333333333332000588558484558850375630000044444333333334444400000001111111111111110233333333333333333333333333333333333333333333200000000000000000000
00000000000000000002333211221122113330500505505050500050550505032007005860066785006370030044432233444444443322340001111221111111122110233050055005005505550784860050050050555055333200000000000000000000
00000000000000000002333221122112211337057066770757068757500404032007200060845700006084800743320023333333333200246071112002111111200216233706067075606708480748460756756706848750333200000000000000000000
00000000000000000002333221122112211337567858875757857750560505032002825800000085580004000000002200000000000022000000000220000000022000233785088075408800400088800700706785040056333200000000000000000000
00000000000000000002333444444444443334444444444444444444444444432000000000000000000000000000000000000000000000000000000000000000000000233444444444444444444444444444444444444444433200000000000000000000
00000000000000000002333411111111143334000000000222000005550000432000000000000000000000000000000000000000000000000000000000000000000000233400000000000004000004000004446000000000433200000000000000000000
00000000000000000002333410000000143334000000202226050006640000432000000000000000000000000000000000000000000000000000000000000000000000233400000004888004884848848884110000700500433200000000000000000000
00000000000000000002333410000000143334000000022246706004840000432000000000000000000000000000000000000000000000000000000000000000000000233407560074550004070666757664000000067000433200000000000000000000
00000000000000000002333410000000143334000000000440545655455000432000000000000000000000000000000000000000000000000000000000000000000000233406470040000004075640757764000005444450433200000000000000000000
00000000000000000002333410000000143334444444444444444444444444432000000000000000000000000000000000000000000000000000000000000000000000233407560788000004888884888884000740412404433200000000000000000000
00000000000000000002333411111119643333133333133333333355055505032000000000000000000000000000000000000000000000000000000000000000000000233433333300000004000964790004000666421477433200000000000000000000
00000000000000000002333410000000143333113131110550055022222222232000000000000000000000000000000000000000000000000000000000000000000000233432233300000004000004000004000000444400433200000000000000000000
00000000000000000002333410000000143332222222220660707022222222232000000000000000000000000000000000000000000000000000000000000000000000233433323300000004000004000004000000200200433200000000000000000000
00000000000000000002333410000000143332222222221111111122222222232000000000000000000000000000000000000000000000000000000000000000000000233433323375225604000004000004050000200200433200000000000000000000
00000000000000000002333410000000143332222222221111111122222222232000000000000000000000000000000000000000000000000000000000000000000000233433322305675004000004000004716003300330433200000000000000000000
00000000000000000002333411111111143332222222221111111122222222232000000000000000000000000000000000000000000000000000000000000000000000233444444444444444444444444444444444444444433200000000000000000000
00000000000000000001111111111111111111111111111111111111111111111000000000000000000000000000000000000000000000000000000000000000000000222222222222222222222222222222222222222222222200000000000000000000
00000000000000000000000000000000000000000000000000000000000000000000000000000000000000000000000000000000000000000000000000000000000000000000000000000000000000000000000000000000000000000000000000000000
00000000000000000000000000000000000000000000000000000000000000000000000000000000000000000000000000000000000000000000000000000000000000000000000000000000000000000000000000000000000000000000000000000000
00000000000000000000000000000000000000000000000000000000000000000000000000000000000000000000000000000000000000000000000000000000000000000000000000000000000000000000000000000000000000000000000000000000
00000000000000000000000000000000000000000000000000000000000000000000000000000000000000000000000000000000000000000000000000000000000000000000000000000000000000000000000000000000000000000000000000000000
00000000000000000000000000000000000000000000000000000000000000000000000000000000000000000000000000000000000000000000000000000000000000000000000000000000000000000000000000000000000000000000000000000000
00000000000000000000000000000000000000000000000000000000000000000000000000000000000000000000000000000000000000000000000000000000000000000000000000000000000000000000000000000000000000000000000000000000
00000000000000000000000000000000000000000000000000000000000000000000000000000000000000000000000000000000000000000000000000000000000000000000000000000000000000000000000000000000000000000000000000000000
00000000000000000000000000000000000000000000000000000000000000000000000000000000000000000000000000000000000000000000000000000000000000000000000000000000000000000000000000000000000000000000000000000000
00000000000000000000000000000000000000000000000000000000000000000000000000000000000000000000000000000000000000000000000000000000000000000000000000000000000000000000000000000000000000000000000000000000
00000000000000000000000000000000000000000000000000000000000000000000000000000000000000000000000000000000000000000000000000000000000000000000000000000000000000000000000000000000000000000000000000000000
00000000000000000000000000000000000000000000000000000000000000000000000000000000000000000000000000000000000000000000000000000000000000000000000000000000000000000000000000000000000000000000000000000000
00000000000000000000000000000000000000000000000000000000000000000000000000000000000000000000000000000000000000000000000000000000000000000000000000000000000000000000000000000000000000000000000000000000
00000000000000000000000000000000000000000000000000000000000000000000000000000000000000000000000000000000000000000000000000000000000000000000000000000000000000000000000000000000000000000000000000000000
00000000000000000000000000000000000000000000000000000000000000000000000000000000000000000000000000000000000000000000000000000000000000000000000000000000000000000000000000000000000000000000000000000000
00000000000000000000000000000000000000000000000000000000000000000000000000000000000000000000000000000000000000000000000000000000000000000000000000000000000000000000000000000000000000000000000000000000
00000000000000000000000000000000000000000000000000000000000000000000000000000000000000000000000000000000000000000000000000000000000000000000000000000000000000000000000000000000000000000000000000000000
00000000000000000000000000000000000000000000000000000000000000000000000000000000000000000000000000000000000000000000000000000000000000000000000000000000000000000000000000000000000000000000000000000000
00000000000000000000000000000000000000000000000000000000000000000000000000000000000000000000000000000000000000000000000000000000000000000000000000000000000000000000000000000000000000000000000000000000
00000000000000000000000000000000000000000000000000000000000000000000000000000000000000000000000000000000000000000000000000000000000000000000000000000000000000000000000000000000000000000000000000000000
00000000000000000000000000000000000000000000000000000000000000000000000000000000000000000000000000000000000000000000000000000000000000000000000000000000000000000000000000000000000000000000000000000000
00000000000000000000000000000000000000000000000000000000000000000000000000000000000000000000000000000000000000000000000000000000000000000000000000000000000000000000000000000000000000000000000000000000
00000000000000000000000000000000000000000000000000000000000000000000000000000000000000000000000000000000000000000000000000000000000000000000000000000000000000000000000000000000000000000000000000000000
00000000000000000000000000000000000000000000000000000000000000000000000000000000000000000000000000000000000000000000000000000000000000000000000000000000000000000000000000000000000000000000000000000000
00000000000000000000000000000000000000000000000000000000000000000000000000000000000000000000000000000000000000000000000000000000000000000000000000000000000000000000000000000000000000000000000000000000
00000000000000000000000000000000000000000000000000000000000000000000000000000000000000000000000000000000000000000000000000000000000000000000000000000000000000000000000000000000000000000000000000000000
00000000000000000000000000000000000000000000000000000000000000000000000000000000000000000000000000000000000000000000000000000000000000000000000000000000000000000000000000000000000000000000000000000000
00000000000000000000000000000000000000044444433300000000000000000000000000000000000000000000000000000000000000000000000000000000000000000000000000000000000000000000000000000000000000000000000000000000
00000000000000000004004004004004004004444444444334004004004004004000000000000000000000000000000000000000000000000000000000000000000004004004004004004004004004004004004004004004004000000000000000000000
00000000000000000074674674674674674643434333443433374674674674674600000000000000000000000000000000000000000000000000000000000000000074674674674674674674674674674674674674674674674600000000000000000000
00000000000000000004003003003003003043443434434443303003003003004000000000000000000000000000000000000000000000000000000000000000000004003003003013003003003003003011003003003003004000000000000000000000
00000000000000000074333333333333333344344444443443333333333333334600000000000000000000000000000000000000000000000000000000000000000074333333333131433333333333333333433333333333334600000000000000000000
00000000000000000004003003003003003043433443443443303003003003004000000000000000000000000000000000000000000000000000000000000000000004003003003001433333333333333333403003003003004000000000000000000000
00000000000000000074600000000000000044343443344433300000000000074600000000000000000000000000000000000000000000000000000000000000000074600000000000142222222222222222240000000000074600000000000000000000
00000000000000000004000000000300770043444334443433000000000000004000000000000000000000000000000000000000000000000000000000000000000004001222112000114333333333333333334000000000004000000000000000000000
00000000000000000074602400003130060044333443343433000500000770074600000000000000000000000048884884884848488400000000000000000000000074602122221001001000000000000000001000000000074600000000000000000000
00000000000000000004020340000300060004444444444330007160000060004000000000000000000000000400075675670675600040000000000000000000000004001212122000001000030300000000001000000000004000000000000000000000
00000000000000000074600334400000000050001212100000000800400060074600000000000000000000004000070070678578500004000000000000000000000074602221221003000000070603000000000000300000374600000000000000000000
00000000000000000004000333300004000726001212100000000004240000004004004004004004004004004888888888888888888884004004004004004004004004002122212007000333306670003333330007000007004000000000000000000000
00000000000000000074602433300043400080001212100000020000400000074674674674674674674674674000000000000000000004674674674674674674674674602221222000633333333663333333333306000306074600000000000000000000
00000000000000000004020243300004000000001212100000242000000000003003003003003003003003003000000000000000000003003003003003003003003003002122122000333333333333333333333333000066004000000000000000000000
00000000000000000074600024400000001000001212100000020000000500003333333333333333333333333000000000000000000003333333333333333333333333001212221003332332933333333339133133333070074600000000000000000000
00000000000000000004000020200050012100021212210000000000007260003003003003003003003003003000000000000000000003003003003003003003003003001222212033333222333311133333111333333333004000000000000000000000
00000000000000000074600200200716001000212211221000000000000800000000000000000000000000000000000000000000000000000000000000000000000000002121221033333333333331113333333333333333074600000000000000000000
11 56 27 125
00002010005020000120005500000001100003300000000000000000000000000000000000000000000000000000000000000000000000000000000000000000000000000000000000000014555555541114555555541114555555541111111111111111
00100000048800001000102260000000000003300000000000000000000000000000000000000000000000000000000000000000000000000000000000000000000000000000000000000017000400061117000400061117000400061111111111111111
00021000745502000020003254500200120003300000000000000000000000000000000000000000000000000000000000000000000000000000000000000000000000000000000000000017000400061117000400061117000400061111133333333311
10000007333300007000031577700000000033000000000000000000000000000000000000000000000000000000000000000000000000000000000000000000000000000000000000000017999499961117999499961117999499961111332221222331
00220554334444414222222844400010100033000000000000000000000000000000000000000000000000000000000000000000000000000000000000000000000000000000000000000017000400061117000400061117000400061113321211222233
10000676333300007003150033302000001033000000000000000000000000000000000000000000000000000000000000000000000000000000000000000000000000000000000000000017000400061117000400061117000400061133221221121223
00100617222400100030084444300001000330000000000000000000000000000000000000000000000000000000000000000000000000000000000000000000000000000000000000000014888888841114888888841114888888841332221221221222
00001607333300000000000042201000000330000000000000000000000000000000000000000000000000000000000000000000000000000000000000000000000000000000000000000011111111111111111111111111111111111321221221222212
02200883355401020001003333300010003300000000000000000000000000000000000000000000000000000000000000000000000000000000000000000000000000000000000000000013333333333111111111111111111111111321222211222212
45555888403430000200003000330000133000000000000000000000000000000000000000000000000000000000000000000000000000000000000000000000000000000000000000000643MOJALIX03040404040404040404040404321212761762212
660060055504002000010330210332003300000000000000000000000000000000000000000000000000000000000000000000000000000000000000000000000000000000000000000004430magical3444444444444444444444444322212671671222
670545705064000021000000000033333000000000000000000000000000000000000000000000000000000000000000000000000000000000000000000000000000000000000000000006430school03040404040404040404040404322212881881222
66002070806401000000033333330000000000000000000000000000000000000000000000000000000000000000000000000000000000000000000000000000000000000000000000000443333333333444444444444444444444444321222221221222
40002008880403333333300000000000000000000000000000000000000000000000000000000000000000000000000000000000000000000000000000000000000000000000000000000611234220322011221110224011402241104321221221221212
33333333333330000000000000000000000000000000000000000000000000000000000000000000000000000000000000000000000000000000000000000000000000000000000000000111132222322111121111222111122211111322221221212212
00000000000000000000000000000000000000000000000000000000000000000000000000000000000000000000000000000000000000000000000000000000000000000000000000000000000000000000000000000000000000000000000000000000
00000000000000000000000000000000000000000000000000000000000000000000000004332043320444200000000000000000000000004332043320433200000000000000000000000000000000000000000000000000000000000000000000000000
00000000000000000000000000000000000000000000000000000000000000000000000004442043320433200000000000000000000000004442043320433200000000000000000000000000000000000000000000000000000000000000000000000000
00000000000000000000000000000000000000000000000000000000000000000000000004334433333443200000000000000000000000004333333444333200000000000000000000000000000000000000000000000000000000000000000000000000
00000000000000000000000000000000000000000000000000000000000000000000000004333334433333200000000000000000000000004334433333344200000000000000000000000000000000000000000000000000000000000000000000000000
00000000000000000000000000000000000000000000000000000000000000000000000000043330033322222222222222222222222222222243330033320000000000000000000000000000000000000000000000000000000000000000000000000000
00000000000000000000000000000000000000000000000000000000000000000000000000044400003321111111122111647111111111111143300004420000000000000000000000000000000000000000000000000000000000000000000000000000
00000000000000000000000000000000000000000000000000000000000000000000000000043300004421122111111111888112211221122143300003320000000000000000000000000000000000000000000000000000000000000000000000000000
00000000000000000000000000000000000000000000000000000000000000000000000004332043320433211122211111808111111111114332043320433200000000000000000000000000000000000000000000000000000000000000000000000000
00000000000000000000000000000000000000000000000000000000000000000000000004332043320433211111111112232211221111114332043320433200000000000000000000000000000000000000000000000000000000000000000000000000
00000000000000000000000000000000000000000000000000000000000000000000000004334433333333212211221121232121111122114443333334433200000000000000000000000000000000000000000000000000000000000000000000000000
00000000000000000000000000000000000000000000000000000000000000000000000004333333344333222222222212222212222222224333344333333200000000000000000000000000000000000000000000000000000000000000000000000000
00000000000000000000000000000000000000000000000000000000000000000000000000043440033323333333443333333333333334433343330033320000000000000000000000000000000000000000000000000000000000000000000000000000
00000000000000000000000000000000000000000000000000000000000000000000000000043300003323344333333334433333344333333343300004420000000000000000000000000000000000000000000000000000000000000000000000000000
00000000000000000000000000000000000000000000000000000000000000000000000000043300004423333333443488888884333344333343300003320000000000000000000000000000000000000000000000000000000000000000000000000000
00000000000000000000000000000000000000000000000000000000000000000000000000043333333323333443348821212128843333344344433333320000000000000000000000000000000000000000000000000000000000000000000000000000
00000000000000000000000000000000000000000000000000000000000000000000000000044433333324443334882121212121288433333343333333320000000000000000000000000000000000000000000000000000000000000000000000000000
00000000000000000000000000000000000000000000000000000000000000000000000000043333334423333346212121212121212743443343333344320000000000000000000000000000000000000000000000000000000000000000000000000000
00000000000000000000000000000000000000000000000000000000000000000000000000043344433323443346484484484484484743333344433333320000000000000000000000000000000000000000000000000000000000000000000000000000
00000000000000000000000000000000000000000000000000000000000000000000000000043333333323333346454454454454454743334443334433320000000000000000000000000000000000000000000000000000000000000000000000000000
00000000000000000000000000000000000000000000000000000000000000000000000000043333344323334446212121212121212743443343333333320000000000000000000000000000000000000000000000000000000000000000000000000000
00000000000000000000000000000000000000000000000000000000000000000000000000044433333323333346212121212121212743333343443333320000000000000000000000000000000000000000000000000000000000000000000000000000
00000000000000000000000000000000000000000000000000000000000000000000000000043334433323443346484484484484484743344343333344320000000000000000000000000000000000000000000000000000000000000000000000000000
00000000000000000000000000000000000000000000000000000000000000000000000000043333333323333346454454454454454743333343334433320000000000000000000000000000000000000000000000000000000000000000000000000000
00000000000000000000000000000000000000000000000000000000000000000000000000043443333323344346212121212121212743443343333333320000000000000000000000000000000000000000000000000000000000000000000000000000
00000000000000000000000000000000000000000000000000000000000000000000000000043333344323333346212121212121212743333343444333320000000000000000000000000000000000000000000000000000000000000000000000000000
00000000000000000000000000000000000000000000000000000000000000000000000000043333333320000000000000000000000000000043333333320000000000000000000000000000000000000000000000000000000000000000000000000000
00000000000000000000000000000000000000000000000000000000000000000000000000000000000000000000000000000000000000000000000000000000000000000000000000000000000000000000000000000000000000000000000000000000
00000000000000000000000000000000000000000000000000000000000000000000000000000000000000000000000000000000000000000000000000000000000000000000000000000000000000000000000000000000000000000000000000000000
04004004004004004004004004004004004004004004004004000000000000000000000000000000000000000000000000000000000000000000000000000000000000000000000000000000000000000055555000000000000000044222222222220000
74674674674674674674674674674674674674674674674674600000000000000000000000000000000000000000000000000000000000000000000000000000000000000000000000000000000000000010301885555000055588871422222222222000
04004004004004004004004004004004004004004004004004000000000000000000000000000000000000000000000000000000000000000000000000000000000000000000000000000000000000000001210000000888800000071142222222222200
04004222004004004004004004004004004004004004004074600000000000000000000000000000000000000000000000000000000000000000000000000000000000000000000000000000000000000000455555555000000000071114222222222220
040022222040040040040040040040040040040550040040040000000000000000000000000000000000000000000000000000000000000000000000000000000000000000000000000000000000000000004Captains601110000071111422222222222
00002RIP2000000000000222222220000000000008507000746000000000000000000000000000000000000000000000000000000000000000000000000000000000000000000000000000000000000000004Barge000616471000071111142222222222
00002222200000000002225888520200005588844556600004000000000000000000000000000000000000000000000000000000000000000000000000000000000000000000000000000000000000000000488888188117561100071111114888888888
00002222200000000020206101720020080055805844000074600000000000000000000000000000000000000000000000000000000000000000000000000000000000000000000000000000000000000000400000010002022000071133336644544480
000011111000000000002060007220000058000400460000040000000000000000000000000000000000000000000000000000000000000000000000000000000000000000000000000000000000000000004000000088222220000711331164WANTED40
00011111000021000002208858822500000007800744000074600000000000000000000000000000000000000000000000000000000000000000000000000000000000000000000000000000000000000000433333111170411600071133316460111040
00111110000222100020200070058330000000000744600004000000000000000000000000000000000000000000000000000000000000000000000000000000000000000000000000000000000000000007433000005070411600000033336761410140
00000550000021000202000065102033000000022222600074600000000000000000000000000000000000000000000000000000000000000000000000000000000000000000000000000000000000000000030300070411111600000003336466666660
00588408000021000202000580002203000000211111200004000000000000000000000000000000000000000000000000000000000000000000000000000000000000000000000000000000000000000000030030000022220600000000336467777040
0760778500011110000205106000020000000021RIP1200074600000000000000000000000000000000000000000000000000000000000000000000000000000000000000000000000000000000000000000000003333334444600000000036844444460
04006060001111000225800700000220000000211111200004000000000000000000000000000000000000000000000000000000000000000000000000000000000000000000000000000000000000000000000003000434004000000000006000000000
74600000011110002002000060000202200000222222200074600000000000000000000000000000000000000000000000000000000000000000000000000000000000000000000000000000000000000000000003000034004000000000004555555555
30 40 77 150
04414141400003223000033222233441413322311323441442411440000000000000000000000000000000000000000000000000000000000000000000000000000000000000000000000000000000000004440020055734010400201201020322331113
00411114405885225584303322330441113332212223441142414440000000000000000000000000000000000000000000000000000000000000000000000000000000000000000000000000000000001140040020919011010040201020133223311332
00441114040000880004300022000044111333222233344112114400000000000000000000000000000000000000000000000000000000000000000000000000000000000000000000000000000001110120040002022637201040201233311332233000
00011110040550000054300022200004114433222330004411144000000000000000000000000000000000000000000000000000000000000000000000000000000000000000000000000400001111020102004002000232201040332333344133000000
00333110048008558822322222222223331000222000000011100000000000000000000000000000000000000000000000000000000000000000000000000000000000000000000000000444110201020100204002011232122222222334432222211100
03333331000222222222322222223333331000222200000011110000000000000000000000000000000000000000000000000000000000000000000000000000000000000000000000001114000201020010204011111444222222222233322211111100
32233230222222222222222223333330331002222202221111111100000000000000000000000000000000000000000000000000000000000000000000000000000000000000000001112004000201002010211111111414111111111113111111111100
33232344444444444444444443330000332222222222011001000010000000000000000000000000000000000000000000000000000000000000000000000000000000000000001111002004002001002022222222222222222222222222211111100000
03222344444444444444444443001110332002202200000001100000000000000000000000000000000000000000000000000000000000000000000000000000000000000041110201002004002001020022222222222222222222222222211133300000
00222044300000220000000443006660330022000222000000100000000000000000000000000000000000000000000000000000000000000000000000000000000000001114010201002040002001020022222222222222222222222222233133300000
00022044300000220760004443043340330020000002000000000000000000000000000000000000000000000000000000000000000000000000000000000000000001112004010201020040020001020133244144444444444444414413333131100000
44022044300002266772277443243343330000000000000000000000000000000000000000000000000000000000000000000000000000000000000000000000001110102004010201020040020001233122311144422222222224414413311131300000
41422244302285272706267443214413330000000000000000000000000000000000000000000000000000000000000000000000000000000000000000000001110200102004012001020400020132233133244144421011085024414413313331300000
41400244324999852772277443333333330000000000000000000000000000000000000000000000000000000000000000000000000000000000000000001110100200102040012001020400333133231133044111120665506424414411113311300000
14400044444444444444444443333331000000000000000000000000000000000000000000000000000000000000000000000000000000000000004444110200102001002040102001020332231122213000044144421706775521114433311133300000
44000044444444444444444443331111000000000000000000000000000000000000000000000000000000000000000000000000000000000000000110400201002001020040102001312333211333000000044144442770060244414433313333300000
10000044444444444444444441111011000000000000000000000000000000000000000000000000000000000000000000000000042222222222222222222222222201020400102333133223313000000000044144444285582444414433313311100000
10000000222222222222222111000011000000000000000000000000000000000000000000000000000000000000000000000000431313311133133331333133331321020401321222133332000000000000044114444422224444414411113313300000
10000000222222222222222100000011000000000000000000000000000000000000000000000000000000000000000000000004331313313113111111133311111332020313323133313000000000000000044411444444144444111133313313300000
11000000221000000111122111000011000000000000000000000000000000000000000000000000000000000000000000000043311113313311313333133133131133233312233313000000000000000000044441144444111111144433311133300000
01000000222222101111122111111011000000000000000000000000000000000000000000000000000000000000000000000433133311113331113333111333133133323313323000000000000000000000222222222222224414444433313333300000
00000000222222222210022100111111000000000000000000000000000000000000000000000000000000000000000000000000000000000000000000000000000000003133000000000000000000000000010000000011124414444433313311100000
00000000221111222222222100000111000000000000000000000000000000000000000000000000000000000000000000000000000000000000000000000000000000000000000000000000000000000000010000011133324414444433311131300000
00000000221110000122222111111111000000000000000000000000000000000000000000000000000000000000000000000000000000000000000000000000000000000000000000000000000000000000010011133333324414444411133331300000
00000000221000001100022111111111100000000000000000000000000000000000000000000000000000000000000000000000000000000000000000000000000000000000000000000000000000000000011133333333324411111133333331300000
00000000221000022222222100000001100000000000000000000000000000000000000000000000000000000000000000000000000000000000000000000000000000000000000000000000000000000000222222222222224414444433333322220000
00000000221222222222222100001111100000000000000000000000000000000000000000000000000000000000000000000000000000000000000000000000000000000000000000000000000000000000041444411111111114444433322220100000
00000002222222221100002211111111100000000000000000000000000000000000000000000000000000000000000000000000000000000000000000000000000000000000000000000000000000000000041444414444444444444422220000100000
00000002222210001100002211110001100000000000000000000000000000000000000000000000000000000000000000000000000000000000000000000000000000000000000000000000000000000000041111114442222222222220000000100000
00000002211111111100002210000001100000000000000000000000000000000000000000000000000000000000000000000000000000000000000000000000000000000000000000000000000000000000044414444442304999401100000000100000
00000002210011111112222211100011100000000000000000000000000000000000000000000000000000000000000000000000000000000000000000000000000000000000000000000000000000000000044414444442304999401111111122220000
00000002210000222222222211110111100000000000000000000000000000000000000000000000000000000000000000000000000000000000000000000000000000000000000000000000000000000000044414444442304999303133322223300000
00000002222222222221112210111101100000000000000000000000000000000000000000000000000000000000000000000000000000000000000000000000000000000000000000000000000000000000044414444442303999303122223333100000
00000002222222101111102210011111100000000000000000000000000000000000222222222222222222222222200000000000000000000000000000000000000000000000000000000000000000000000011111111142222222222223333344300000
00000002210000111110002210110111110000000000000000000000000000000004313333133311133331313313320000000000000000000000000000000000000000000000000000000000000000000000044444444144444441444433344404300002
00000002210011111000002211100000110000000000000000000000000000000043311113133113111331113311112000000000000000000000000000000000000000000000000000000000000000000000044444444111111111444434404004300223
00000002210111111000002211000011110000000000000000000000000000000413313311131133331111311331333200000000000000000000000000000000000000000000000000000000000000000000222222222222224144444414004004322313
00000022222222221000000221001111110000000000000000000000000000004311113333111333333133331111111320000000000000000000000000000000000000000000000000000000000000000000010000000011124111111134004004233131
00000022222222222222222221111100110000000000000000000000000000011104001002000200100402000222333330000000000000000000000000000000000000000000000000000000000000000000010000011133324144444434004004311133
00000022100000022222222221111000110000000000000000000000000011101000400102000201004002333132211100000000000000000000000000000000000000000000000000000000000000000000010011133333324144444434054864313130
00000022100000011000000221011100110000000000000000000444441102001100400102002001004233311133230000000000000000000000000000000000000000000000000000000000000000000000011133333333324144444424704004133000
00000022111110011000222221001111110000000000000000001111104002000100401002002001333233133333000000000000000000000000000000000000000000000000000000000000000000000000222222222222224111142234004004100000
00000022111111122222222221011111110000000000000000011101004002000104001002002333222221333000000000000000000000000000000000000000000000000000000000000000000000000000044441444111111144221334004000000000
00000022100222222222100221111101110000000000000011102001004022001004001002331331323331000000000000000000000000000000000000000000000000000000000000000000000000000000044441111144444422313114004000000000
00000022222222211111111221110000111000000044411110002001004020001004001323331111323000000000000000000000000000000000000000000000000000000000000000000000000000000000044444444144442213313134000000000000
00000022222100000000011221001111111000000411140010002010004020001004333323313333000000000000000000000000000000000000000000000000000000000000000000000000000000000000000000000000223331111300000000000000
00000022100000000000000221001111100000011120040010020010040020001331333132133000000000000000000000000000000000000000000000000000000000000000000000000000000000000000000000000022331111330000000000000000
00001122111101111111110221111100000011110020040010020010040020323113111332000000000000000000000000000000000000000000000000000000000000000000000000000000000000000000000000002211331331048888888888843000
00011111111111111111111111110000011100010020040010020100040333322233331000000000000000000000000000000000000000000000000000000000000000000000000000000000000000000000000000223131113300040040607860043000
00011111111111001111110111100011102000110020040100200100333133233233000000000000000000000000000000000000000000000000000000000000000000000000000000000000000000000000000022313133310000040066606070043000
00001101111100000111000000011101002000100020440100200332331311233000000000000000000000000000000000000000000000000000000000000000000000000000000000000000000000000000002211131133000000040067607560043000
00000000000000000000040011120001002000100020400100333132231333000000000000000000000000000000000000000000000000000000000000000000000000000000000000000000000000000000223311333100000000040000000000043000
0000000000000000000444410002000100200010020040032333311323100000000000000000000000000000000000000000000000000000000000000000000000000000000000000000000000000000002213131313000000000004TRESPASSING43000
00000000000000000011100400020011002000100200133322111133000000000000000000000000000000000000000000000000000000000000000000000000000000000000000000000000000000002233133113000000000000045555555555543000
00000000400000011110000400020010020000100333113233133000000000000000000000000000000000000000000000000000000000000000000000000000000000000000000000000000000000223311111300000000000000000043000043000000
00000000044444100010000400200010020000331111332333000000000000000000000000000000000000000000000000000000000000000000000000000000000000000000000000000000000022313133130000000000000000048888888888843000
0000044441110040001000040020001002033323333133200000000000000000000000000000000000000000000000000000000000000000000000000000000000000000000000000000000000221133131300000000000000000004APROVED00BY43000
00000011100100400010004000200010331331322223000000000000000000000000000000000000000000000000000000000000000000000000000000000000000000000000000000000000223113113300000000000000000000040THE0ELDER043000
444411020010004001000040002003133231113230000000000000000000000000000000000000000000000000000000000000000000000000000000000000000000000000000000000000221311333100000000000000000000000400COUNCIL0043000
11140102001004000100004000333113223313000000000000000000000000000000000000000000000000000000000000000000000000000000000000000000000000000000000000002233111313000000000000000000000000045555555555543000
00000000
00111000
00010100
00111000
01111100
01111100
00111000
00000000
00000000
10101000
01010100
00101010
00101010
01010100
10101000
00000000
00000000
01111000
00111100
00011110
00011110
00111100
01111000
00000000
00000000
00000100
00001010
00001100
00010000
00100000
01000000
00000000
00000000
01111110
01000010
01000010
01000010
00100100
00011000
00000000
00000000
00011000
00011000
01111110
01111110
00011000
00011000
00000000
                      :PB@Bk:
                  ,jB@@B@B@B@BBL.
               7G@B@B@BMMMMMB@B@B@Nr
           :kB@B@@@MMOMOMOMOMMMM@B@B@B1,
       :5@B@B@B@BBMMOMOMOMOMOMOMM@@@B@B@BBu.
    70@@@B@B@B@BXBBOMOMOMOMOMOMMBMPB@B@B@B@B@Nr
  G@@@BJ iB@B@@  OBMOMOMOMOMOMOM@2  B@B@B. EB@B@S
  @@BM@GJBU.  iSuB@OMOMOMOMOMOMM@OU1:  .kBLM@M@B@
  B@MMB@B       7@BBMMOMOMOMOMOBB@:       B@BMM@B
  @@@B@B         7@@@MMOMOMOMM@B@:         @@B@B@
  @@OLB.          BNB@MMOMOMM@BEB          rBjM@B
  @@  @           M  OBOMOMM@q  M          .@  @@
  @@OvB           B:u@MMOMOMMBJiB          .BvM@B
  @B@B@J         0@B@MMOMOMOMB@B@u         q@@@B@
  B@MBB@v       G@@BMMMMMMMMMMMBB@5       F@BMM@B
  @BBM@BPNi   LMEB@OMMMM@B@MMOMM@BZM7   rEqB@MBB@
  B@@@BM  B@B@B  qBMOMB@B@B@BMOMBL  B@B@B  @B@B@M
   J@@@@PB@B@B@B7G@OMBB.   ,@MMM@qLB@B@@@BqB@BBv
      iGB@,i0@M@B@MMO@E  :  M@OMM@@@B@Pii@@N:
         .   B@M@B@MMM@B@B@B@MMM@@@M@B
             @B@B.i@MBB@B@B@@BM@::B@B@
             B@@@ .B@B.:@B@ :B@B  @B@O
               :0 r@B@  B@@ .@B@: P:
                   vMB :@B@ :BO7
                       ,B@B
              SOMBRA HACKED THIS FILE
Jack
000000000000000000000000000000000000000000000000000000000000000000000000000000000000000000000000000000000000000000000000
000000000000000000000000000000000000000000000000000000000000000000000000000000000000000000000000000000000000000000000000
000000000000000000000000000000000000000000000000000000000000000000000000000000000000000000000000000000000000000000000000
000000000000000000000000000000000000000000000000000000000000000000000000000000000000000000000000000000000000000000000000
000000033330000000000033330000000033330000000000033330000000000000033330000000000033330000000033330000000000033330000000
000000331100000000000331100000000001133000000000001333000000000000331100000000000331100000000001133000000000001333000000
000000101000000000000101000000000000101000000000000133000000000000101000000000000101000000000000101000000000000133000000
000000111100000000000111100000000001111000000000001111000000000000111100000000000111100000000001111000000000001111000000
000033421430000000033421430000000034124330000000033363330000000033421430000000033421430000000034124330000000033363330000
000034412430000000030412430000000034214430000000036363430000000034412430000000030412430000000034214430000000036363430000
000018445430000000034444444900000034544810000000033553410000000018445430000000034444444900000034544810000000033553410000
000001228410000000018224210000000014822100000000012222100000000001228410000000018224210000000014822100000000012222100000
000001201284000000001201200000000482102100000000482102100000000001201284000000001201200000000482102100000000482102100000
000003441200000000003401200000000002144300000000004332100000000001203440000000001203400000000044302100000000002104330000
000000003440000000000003400000000044300000000000000004330000000003440000000000003400000000000000044300000000004330000000
000000000000000000000000000000000000000000000000000000000000000000000000000000000000000000000000000000000000000000000000
000000000000000000000000000000000000000000000000000000000000000000000000000000000000000000000000000000000000000000000000
000000000000000000000000000000000000000000000000000004000000000000000000000000000000000000000000000000000000000011100000
000000000000000000000000000000000000000000000000000004000000000000000000000000000333300000000000000000000000000004000000
000000000000000000000333300000000000000000000000003333500000000000000000000000000011330000000000000000000000000004000000
000000033330000000000011330000000033330000000000033314000000000000033330000000000001010000000033330000000000003333500000
000000331100000000000001010000000001133000000000033104100000000000331100000000000011110000000001133000000000033314000000
000000101000000000000011110000000000101000000000011114300000000000101000000000000344243000000000101000000000033104100000
000000111100000000000344243000000001111000000000333633300000000000111100000000000348130000000001111000000000011114300000
000033421430000000000348130000000034214330000000063631000000000333421430000000000345340000000034214333000000333633300000
000034444444490000000145340000094444444430000000035531000000000344444444910000000141240000019444444443000000063631000000
000033142140000000002241210000000041241330000000022221000000000331412410000000002242210000000014124133000000035531000000
000001222220000000002140210000000022222100000000021021000000000001222220000000002140210000000022222100000000022221000000
000034200120000000002140224000000021002430000003421021000000000034200120000000002111224000000021002430000003421021000000
000034000344000000044300034000000443000430000003400043300000000034000344000000044300034000000443000430000003400043300000
000000000000000000000000000000000000000000000000000000000000
000000000000000000000000000000000000000000000000000000000000
000000000000000000000000000000000000000000000000000004000000
000000000000000000000000000000000000000000000000000004000000
000000000000000000000333300000000000000000000000103333500000
000000033330000000000011330000000033330000000000333314000000
000000331100110000000001010000011001133000000000333104100000
000000101003300000000011110000003300101000000000311114300000
000000111133000000003344243000000331111000000000333633300000
000033421430000000033048130000000034214330000000063631000000
000034444444490000330045340000094444444430000000035531000000
000033142400000001102241210000000004241330000000022221000000
000001222220000000002140210000000022222100000000021021000000
000034200120000000002140224000000021002430000003421021000000
000034000344000000044300034000000443000430000003400043300000
Vix
000000000000000000000000000000000000000000000000000000000000000000000000000000000000000000000000000000000000000000000000
000000000000000000000000000000000000000000000000000000000000000000000000000000000000000000000000000000000000000000000000
000000000000000000000000000000000000000000000000000000000000000000000000000000000000000000000000000000000000000000000000
000000000000000000000000000000000000000000000000000000000000000000000000000000000000000000000000000000000000000000000000
000000000000000000000000000000000000000000000000000000000000000000000000000000000000000000000000000000000000000000000000
000000023333000000002333000000000333320000000000000022233000000000023333000000002333000000000333320000000000000022233000
000040230100400004023010040000004001032040000000003222430000000040230100400004023010040000004001032040000000003222430000
000004233334000000423333400000000433332400000000000324230000000004233334000000423333400000000433332400000000000324230000
000022231032000000223103200000000230132220000000001242221000000022231032000000223103200000000230132220000000001242221000
000202310320000002023103020000000023013202000000012423210000000202310320000002023103020000000023013202000000012423210000
001023103100000002023103020000000001301320100000104222120000001023103100000002023103020000000001301320100000104222120000
000012222000000001012222010000000000222210000000002222210000000012222000000001012222010000000000222210000000002222210000
000120012000000000012012000000000000210021000000000210210000000120012000000000012012000000000000210021000000002100021000
000344012000000000034012000000000000210443000000000433210000001200034400000000012034000000000004430002100000002100043300
000000034400000000000034000000000004430000000000000000433000003440000000000000034000000000000000000044300000004330000000
000000000000000000000000000000000000000000000000000000000000000000000000000000000000000000000000000000000000000000000000
000000000000000000000000000000000000000000000000000000000000000000000000000000000000000000000000000000000000000000000000
000000000000000000000000000000000000000000000000000000000000000000000000000000000000000000000000000000000000000000000000
000000000000000000000000000000000000000000000000000000000000000000000000000000000000000000000000000000000000000000000000
000000000000000000000000000000000000000000000000000000000000000000000000000000000000000000000000000000000000010000000000
000000233330000000002333000000000033332000000000003333000000000000233330000000002333000000000033332000000000023333000000
000002301000000000023010000000000000103200000000000222300000000002301000000000023010000000000000103200000000020222300000
000002344400400000023333004000004004443200000040004222300000000002344400000000023333000000000004443200000000024222300000
002222310320400022223103204000004023013222200040022222222200000222310322221000223103200000122223013222000000022222220000
002023103020400020023103204000004020301320200040022222200200022023103000000000223103020000000000301320220000002222202000
001444430022100014444103221000001220034444100012223333344100100031030000000000223103441000000000030130001000003333300100
000122222000000000012222200000000000222221000000012222200000400122222000000000212222200000000000222221004000012222200400
001200012000000000012001200000000000210002100000012001200000401200012000000000112001200000000000210002104000012001200400
012000012000000000034401200000000000210000210000334000110000412000012000000000034401200000000000210000214000334000110400
034400034400000000000003440000000004430004430000000003340000034400034400000000000003440000000004430004430000000003340000
Lara
000000000000000000000000000000000000000000000000000000000000000000000000000000000000000000000000000000000000000000000000
000000000000000000000000000000000000000000000000000000000000000000000000000000000000000000000000000000000000000000000000
000000000000000000000000000000000000000000000000000000000000000000000000000000000000000000000000000000000000000000000000
000000000000000000000000000000000000000000000000000000000000000000000000000000000000000000000000000000000000000000000000
000005422000000000000224500000000000224500000000005422000000000005422000000000000224500000000000224500000000005422000000
000004222200000000002222400000000002222400000000004222200000000004222200000000002222400000000002222400000000004222200000
000002010220000000022010200000000022010200000000002222220000000002010220000000022010200000000022010200000000002222220000
000541111000000000000111145000000000111145000000002211050000000541111000000000000111145000000000111145000000002211050000
007424334200000000002433424600000002433424600000023335446000007424334200000000002433424600000002433424600000023335446000
000024334200000000002433420000000002433420000000023548200000000024334200000000002433420000000002433420000000023548200000
000021000210000000001000010000000012000120000000054800210000000021000210000000001000010000000012000120000000054800210000
000012323845000000548323210000000548323210000005482223100000000012323845000000548323210000000548323210000005482223100000
000013012008000000800210310000000800210310000008003102100000000013012008000000800210310000000800210310000008003102100000
000012034400000000000314430000000004430210000000002103440000000034413000000000004430210000000000314430000000003443100000
000034400000000000004430000000000000004430000000003440000000000000034400000000000004430000000004430000000000000003440000
000000000000000000000000000000000000000000000000000000000000000000000000000000000000000000000000000000000000000000000000
000000000000000000000000000000000000000000000000000000000000000000000000000000000000000000000000000000000000000000000000
000000000000000000000000000000000000000000000000000000000000000000000000000000000000000000000000000000000000000000000000
000000000000000000000000000000000000000000000000000000460000000000000000000000000000000000000000000000000000000001110000
000000000000000000000000000000000000000000000000005422400000000000000000000000000224500000000000000000000000000000460000
005422000000000000000224500000000000000224500000004222200000054220000000000000002222400000000000000022450000005422400000
004222200000000000002222400000000000002222400000002222210000042222000000000000022010200000000000000222240000004222200000
002010220000000000022010200000000000022010200000002211420000020102200000000000000111100000000000002201020000002222210000
001111700000050000000111100000050000006111100000023444220000011117000000510000002443420000015000000611110000002211420000
024488884888880000002443420000088888488884420000003444000000244888848888810000002433200000018888848888442000023444220000
022212221000000000002433200000000000122212220000001111000000222122210000000000001302000000000000012221222000003444000000
001323200000000000021402100000000000002323100000001232300000012323200000000000023413100000000000002323210000001232300000
001201300000000000031412100000000000003102100000001301200000013001300000000000037402100000000000003100310000001301200000
342301200000000000027403240000000000002103243000323201300000342001200000000000021113240000000000002100243000323201300000
340003440000000000443000340000000000044300043000340004330000340003440000000000443000340000000000044300043000340004330000
000000000000000000000000000000000000000000000000000000000000
000000000000000000000000000000000000000000000000000000000000
000000000000000000000000000000000000000000000000000011111000
000000000000000000000000000000000000000000000000000001110000
000000000000000000000022450000000000000000000000000000460000
542200000000000000000222240000000000000002245000005422400000
422220000000000000002201020000000000000022224000004222200000
201022000000001000000011110000100000000220102000002222210000
111107000000511000000244320000115000000601111000002211420000
244888848888811000002043230000118888848888442000023444220000
222122210000001000000141000000100000012221222000003444000000
123230000000000000002343100000000000000032321000001232300000
130012000000000000031042110000000000000210031000001300120000
012003440000000000443111124000000000044300210000000120344000
034400000000000000001111134000000000000004430000000344000000
Ella
000000000000000000000000000000000000000000000000000000000000000000000000000000000000000000000000000000000000000000000000
000000000000000000000000000000000000000000000000000000000000000000000000000000000000000000000000000000000000000000000000
000000000000000000000000000000000000000000000000000000000000000000000000000000000000000000000000000000000000000000000000
000000000000000000000000000000000000000000000000000000000000000000000000000000000000000000000000000000000000000000000000
000022200000000000000022200000000000002220000000002220000000000022200000000000000022200000000000002220000000002220000000
000211222000000000002221120000000000222112000000021112200000000211222000000000002221120000000000222112000000021112200000
007882010000000000000102886000000000010288600000212122000000007882010000000000000102886000000000010288600000212122000000
007501111000000000001111056000000000111105600000212121100000007501111000000000001111056000000000111105600000212121100000
002734224300000000034224362000000003422436200000423234300000002734224300000000034224362000000003422436200000423234300000
074714444100000000014444164600000001444416460007443334100000074714444100000000014444164600000001444416460007443334100000
004711144111000000014444164000000111441116400000433344111000004711144111000000014444164000000111441116400000433344111000
000734444000000000014444160000000000444436000000077444300000000734444000000000014444160000000000444436000000077444300000
000034034000000000004304300000000000430430000000004304300000000034034000000000004304300000000000430430000000004304300000
000012434000000000004303200000000000434210000000004302130000000034012400000000003204300000000004210430000000002134300000
000000012400000000003200000000000004210000000000002130000000000012400000000000000003200000000000004210000000000002130000
000000000000000000000000000000000000000000000000000000000000000000000000000000000000000000000000000000000000000000000000
000000000000000000000000000000000000000000000000000000000000000000000000000000000000000000000000000000000000000000000000
000000000000000000000000000000000000000000000000000000000000000000000000000000000000000000000000000000000000000784000000
000000000000000000000000000000000000000000000000000000000000000000000000000000000000000000000000000000000000000707000000
000022200000000000000022200000000000002220000000002220000000000022200000000000000022200000000000002220000000002221000000
000211222000000000002221120000000000222112000000021112200000000211222000000000002221120000000000222112000000021112200000
002122010000000000000102212000000000010221200000212122000000002122010000000000000102212000000000010221200000212122010000
002121111078860000001111212000078860111121200000212121178860002121111000000000001111212000000000111121200000212121110000
002134224385560000034224312000075583422431200000423234385560002134224300550000037724312000055003422431200000423234310000
074214448580000000014444124600000085844412460007443334180000074218888888006000017741124600700888888812460007443334300000
004411154100000000014851144000000001451114400000433344100000004411114881556000017711344000755188411114400000433344300000
000585444100000000585444300000000001444585000000784444100000000034444000000000011744300000000000444430000000004444300000
007534034000000788584304300000000000430435600000084304300000000034034000000000006064300000000000430430000000004304300000
000034034000000755604304300000000000430430000000004304300000000034034000000000008804300000000000430430000000004304300000
000012412400000000042142100000000004214210000000002132130000000012412400000000042142100000000004214210000000002132130000

60 200