00000000
00111000
00010100
00111000
01111100
01111100
00111000
00000000
00000000
10101000
01010100
00101010
00101010
01010100
10101000
00000000
00000000
01111000
00111100
00011110
00011110
00111100
01111000
00000000
00000000
00000000
00000000
00000000
00000000
00000000
00000000
00000000
00000000
00000000
00000000
00000000
00000000
00000000
00000000
00000000
00000000
00000000
00000000
00000000
00000000
00000000
00000000
00000000
00000000
00000000
00000000
00000000
00000000
00000000
00000000
00000000
00000000
00000000
00000000
00000000
00000000
00000000
00000000
00000000