0000000000000000000000000000000000000000
0000000000000000000000000000000000000000
0000000000000000000000000000000000000000
0000033330000000000000000000000000000000
0000331101300000000000000000000000000000
0000101000300000000000000000000000000000
4400111100300000000000000000000000000000
3433412433300000000000000000000000000000
1443421430000000000000000000000000000000
4403412430000000000000000000000000000000
0403421430000000000000000000000000000000
0401222200000000000000000000000000000000
0001201200000000000000000000000000000000
0001201200000000000000000000000000000000
0003443440000000000000000000000000000000
0000000000000000000000000000000000000000
0000000000000000000000000000000000000000
0000000000000000000000000000000000000000
0000000000000000000000000000000000000000
0000000000000000000000000000000000000000


